5   7
1   5*

7   11
5   1

11  17
1   13*

13  19
5   7

17  25
13  19

19  29
7   11

23  35
17  13

25  37
19  7

29  43
11  1

31  47
23  35

35  53
13  5

37  55
7   41*

41  61
31  23

43  65
1   49*

47  71
35  53

49  73
37  55

53  79
5   59*

55  83
41  31

59  89
11  67*

61  91
23  17

65  97
49  73

67  101
25  19

71  107
53  5

73  109
55  41

77  115
29  43

79  119
59  89

83  125
31  47

85  127
1   95*

89  133
67  25

91  137
17  103*

95  143
71  107

97  145
73  109

101 151
19  113*

103 155
77  29

107 161
5   121*

109 163
41  61

113 169
85  127

115 