                                        3*  1
                              9*   7    5   1
                   33*  25   19    7    5   1
        119   89   67   25   19    7    5   1
                  133   25   19    7    5   1
                        51*  19    7    5   1
                       101   19    7    5   1
                   65   49   37    7    5   1
                  131   49   37    7    5   1
                             75*   7    5   1
97  73   55   41   31   23   17   13    5   1
        109   41   31   23   17   13    5   1
              83   31   23   17   13    5   1
                   61   23   17   13    5   1
                        45*  17   13    5   1
                  121   91   17   13    5   1
                   63*  47   35   13    5   1
                  125   47   35   13    5   1
                             69*  13    5   1
                  125   47  139   13    5   1
                                  27*   5   1
                  127   95   71   53    5   1
                                 107    5   1
                                  15*  11   1
                             39*  29   11   1
                  137  103   77   29   11   1
                             79   59   11   1
                                       21*  1
                                  57*  43   1
                                 115   43   1
                                 113   85   1  