
       7 | 19   29 | 23 | 67 | 49   73 |221 |167
  3    5    7   11   17   25   37   55   83  125  187  281  421  631  947
       1 |  5 |  1 | 13   19 |  7 | 41 - 31   47 - 35 |211 - 79 |473
            1         5    7 -  5 | 31 - 23   35 - 13 | 79 - 59 |355
                      1 |  5 -  1 | 23 - 17 - 13 -  5 | 59 - 11 |133
                                    17 - 13 -  5 -  1 | 11      | 25 

      17   25 | 77  115  173  259 |193
  9   13   19   29   43   65   97  145  217  325  487  731
       5    7   11 |  1 | 49   73  109  163 - 61 |365
            5             37   55 - 41   61 - 23 |137
                           7 | 41 - 31 - 23 - 17 |103
                               31 - 23 - 17 - 13 | 77
                                                   29

      31   47   71 |211  317 |239
 15   23   35   53   79  119  179  269  403  605  907 1361 2041
      17 - 13 -  5 | 59   89 - 67  101  151  227 - 85|1021
                     11 | 67 - 25 - 19 |113 - 85 -  1| 383
                                         85 -  1     | 287

      41 |125 | 95  143  215
 21   31   47   71  107  161  241  361   541  811  1217  1825  2137
      23   35   53 -  5 |121  181  271 - 203 - 19 | 913
      17 - 13 -  5        91 - 17 |203 -  19 - 13 | 685

      55 |163 |121 |365
 27   41   61   91  137  205  307  461  691 1037 1555 2333 3499
      31 - 23 - 17 |103 - 77  115  173  259  389  583  875 - 41
      23 - 17 - 13 | 77 - 29   43   65   97 - 73 |437 - 41
                     29 - 11        49   73 - 55 - 41

      65   97  145  217 |653
 33   49   73  109  163  245  367  551
      37   55 - 41   61 - 23 |275  413
       7 | 41 - 31 - 23      |103
                               77

      79  119 |355
 39   59   89  133  199  299  449  673
      11 | 67 - 25 |149 -  7 |337
       1   25 - 19 -  7

      89 |269  403  605
 45   67  101  151  227  341  511  767
      25 - 19 |113 - 85    1 |383
                85    1
                 1

     103 |307  461  691 1037 1555 2333|1751
 51   77  115  173  259  389  583  875 1313
      29   43   65   97 - 73 |437 - 41 |985
      11 |  1  |49   73 - 55 - 41 - 31 |739
                37   55 - 41 - 31 - 23 |277
                                    17 - 13

     113  169      |383
 57   85  127  191  287  431  647  971 1457 2185
       1 | 95  143  215  323  485 - 91|1093
           71  107  161 -121 - 91 - 17
           53 -  5 |121 - 91 - 17
                     91 - 17
                     17

     127  191  287
 63   95  143  215  323  485
      71  107  161 -121
      53 |  5 |121

     137 |413
 69  103  155  233  349  523  785
      77 - 29 |175 -131 - 49
      29       131 - 49 - 37
                49 - 37
                37

     151
 75  113  169  253 
      85  127


     161
 81  121  181  271
      91 - 17 |203
           13 - 19

     175  263
 87  131  197  295  443
      49 - 37 |221

 93  139  209

     199 |595
 99  149  223  335
       7 |167
          125

     209
105  157  235
      59


     223
111  167  251  377  565
     125 - 47 |283
      47  

117  175  263  395  593
     131  197 - 37
      49 - 37

     271
135  203  305  457
      19 |229

     281
141  211  317  475
      79  119


177  265  397  595

     367
183  275  413  619  929 1393
     103  155 - 29 |697
      77 - 29      |523
      29             49