https://drive.google.com/file/d/1S8mkDEaOlpynNWIJ2VNeWf-zTGSXDE7J/view?usp=sharing

            17   25   37   55 
            |    |   //    -- 

            13   19   29   43   65   97   145   217   325       487           731
           /    /    /   /////  |    |     |     |   //    
                          (1)
                                49   73   109   163   245       367           551    
                                |    |    /     /    ///       
    
     3   5   7   11   17   25   37   55    83   125   187           281       421           631   947
     /  //   |  ///   |    |   //    |    /     /    //                
        
             5        13   19        41    61    91   137       205,211            
                     /    /          |    /     //     |            
                                                       |         
 1   1                               31    47    71   103,107   155,    161            
                                     |     |     |     | ////            |            
                                                       |  (5)            |    
 1                5    7             23    35    53    77, 79   115,119,121   173,179,181        
                                     |    /     ///   /    |   /     |   |            
                                                                         |
                                     17                  59          89,91    133           199
                                     |                  //           | //    //                          
        
                                     13    19    29      43          67       101           151   227
                                    /     /     /                   /        //              |
                                                
                                                                                            113   169
                                                                                             |

                                  5   7    11    17      25                                  85   127   191
                                                         |                                //////   |
                                                                                            (1)                                
                                                         19                                        95   143   215   323   485
                                                                                                   |     |     |    /
                                                                                                   |     |     |
                                                                                                   71   107   161
                                                                                                   |     |     |
                                                                                                   |     |     |
                                                                                                   |     |    121





