 [5]  7
      5
 --->[7] 

 [7]   11   17
  5   ///  |13
 --->[5]  --->[17]

[13]  19   29  43    65
  5    7   11 ///// |49
 --->[5]  --->[65]

[17] 25   37   55
 13  19  /    |41
 --->[13] --->[55]

[23]  35  53   79
 17  /   ///  |59
 --->[17] --->[79]

[31]  47  71   107   161
 23   35  53  ////  |1121
 --->[23] --->[161]

[41]  61  91   137
 31  /   //   |103
 --->[31] --->[137]

[49]  73  109  163  245   367
 37   55  /   /    ///   |275
 --->[/17] --->[55] --->[367]

[55]  83  125  187   281
 41  /   /    //    |211
 --->[41] --->[281]

[59]  89  
 11  |67
 --->[/5] --->[89]

[65]  97  145  217  325  487
 49   73  109  163 //   |365
 --->[49] --->[487]

[67] 101  151
 25   19 |113
 --->[/17]

[79]  119  179  269  403  605  907  1361
 59    89  /    /    /    /   ///  |1021
 --->[59] --->[1361]

[89]  133   199
 67   //   |149
 --->[67] --->[199]

[137]

[161]

[281]

[367]

[487]

[1361]


 