13	19	29	43	65	97	145	217	325 487*
5		7		11			49	73	109	163-61
				17	25	37	55	41	61	91	137*
				13	19	7				31	23	17
				5		7						47	35
						11					71	53	79*
												107  5
												161*

325	487	365	547
 |			 |	 |
61	91	137	205


13	19	29	43	65	97	145	217	325 487*
5		7		11			49	73	109	163-61
				17	25	37	55	41	61	91
				13	19			83	31	23	17	25
				5		7				125	47 -35	13	19	29	43
						11			187	35	53	5		7		11
										281*		79*					17

13	19	29	43	65	97	145	217
5		7		11			49	73	109	163 245	367*
				17	25	37	55	41	61 -23
				13	19			83	31	23
				5 	7				125	47 -35
						11			187	35
										281*

13	19	29	43	65	97	145	217
5		7		11			49	73	109	163 
				17	25	37	55	41	61	91  137*
				13	19			83	31	23  17
				5 	7				125	47 -35  13
						11			187	35  53  5
										281*

						25
43	65	49	37	
		97	73	55	83	125	
		145	109	41	31	47	71	107 161*
		217	163			23 	35	53	5
		325	61			17	13	5
		487*				25	19	7
										29	11
										43

						25
43	65	49	37	
		97	73	55	83	125	
		145	109	41	31	47	71	
		217	163			23 	35	53	79*
		325	61			17	13	5
		487*				25	19	7
										29	11
										43

-------------------------------------------------------------------------
5 -> 281 		13 -> 487			23 -> 79		31 -> 161			41 -> 137		49 -> 367
		 211          365           59          121           103         275
-------------------------------------------------------------------------

79 -> 59, 119

59 -> 11, 89
119 -> 89, 179

11 -> 1, 17
89 -> 67, 133
179 -> 67, 269

1 -> 1, 1
17 -> 13, 25
67 -> 25, 101
133 -> 25, 199
269 -> 101, 403

13 -> 5, 19
25 -> 19, 37
101 -> 19, 151
199 -> 149, 299
403 -> 151, 605

5 -> 1, 7
19 -> 7, 29
37 -> 7, 55
151 -> 113, 227
149 -> 7, 223
299 -> 7, 449
605 -> 227, 907

7 -> 5, 11
29 -> 11, 43
55 -> 41, 83
113 -> 85, 169
227 -> 85, 341
223 -> 167, 335
449 -> 337, 673
907 -> 85, 1361

43 -> 1, 65
41 -> 31, 61
83 -> 31, 125
85 -> 1, 127
169 -> 127, 253
341 -> 1, 511
167 -> 125, 251
335 -> 251, 503
337 -> 253, 505
673 -> 505, 1009
1361 -> 1021, 2041

79	119	179	269	403	605	907 1361*
59	89	67	101 151	227	85
11|	133 25	19 |113 85
		199*				169 127	191 - 287	431	647	971 1457*
								253	95	143	-	215	323	485 91
								379	71	107	-	161	121	91 \
							 *569|53	5	 		241 181	17	727*
										79				 |	 |
															361 271 407 611
															541 203 305 229
															811	19