  7   11   17
  5    1
  7

 13   19   29
  5    7
  1
  
 17   25   37
 13   19
  5
  
 19   29   43
  7   11
  5
  
 23   35   53
 17   13
 25
  
 25   37   55
 19    7
 29

 29   43   65
 11    1
 17
  
 31   47   71
 23   35
 17
  
 35   53   79
 13    5
 19
  
 41   61   91
 31   23
 47
  
 47   71  107
 35   53
 13
  
 49   73  109
 37   55
  7
  
 55   83  125
 41   31
 61
  
 61   91  137
 23   17
 35
  
 65   97  145
 49   73
 37
 
 67  101  151
 25   19
 37
 
 71  107  161
 53    5
 79
 
 73  109  163
 55   41
 83
 
 77  115  173
 29   43
 11
 
 79  119  179
 59   89
 11
 
 83  125  187
 31   47
 23
 
 89  133  199
 67   25
101

 95  143  215
 71  107
 53

 97  145  217
 73  109
 55