  5   7  11  17  13  19   29   43   65   49   73  109  163  245   367   275   413
  5   7  11  17  13  19   29   43   65   49   73  109  163  245   367   551   827
  5   7  11  17  13  19   29   43   65   97  145  217  325  487   365   547   821
  5   7  11  17  13  19   29   43   65   97  145  217  325  487   731  1097
  5   7  11  17  25  37   55   41   31   23   35   53   79   59    89    67
  5   7  11  17  25  37   55   41   31   23   35   53   79   59    89   133
  5   7  11  17  25  37   55   41   31   23   35   53   79  119   179   269
  5   7  11  17  25  37   55   41   31   47   71  107  161  121   181   271
  5   7  11  17  25  37   55   41   31   47   71  107  161  241   361   541
  5   7  11  17  25  37   55   41   61   91  137  103   77  115   173   259
  5   7  11  17  25  37   55   41   61   91  137  103  155  233   175   131
  5   7  11  17  25  37   55   41   61   91  137  103  155  233   175   263
  5   7  11  17  25  37   55   41   61   91  137  103  155  233   349   523
  5   7  11  17  25  37   55   41   61   91  137  205  307  461   691  1037
  5   7  11  17  25  37   55   83  125  187  281  211  317  475   713   535
  5   7  11  17  25  37   55   83  125  187  281  211  317  475   713  1069
  5   7  11  17  25  37   55   83  125  187  281  421  631  473   355   533
  5   7  11  17  25  37   55   83  125  187  281  421  631  473   709  1063
  5   7  11  17  25  37   55   83  125  187  281  421  631  947  1421  2131
 
 
  7   5 
  7  11 ... 
 
 11  17  13   5   7 
 11  17  13  19  29  43 
 11  17  25  37  55  41 
 11  17  25  37  55  83  ...
 
 13   5   7  11  17  25   37   55   41   31
 13   5   7  11  17  25   37   55   41   61
 13   5   7  11  17  25   37   55   83  125
 13  19  29  43  65  49   73  109  163  245
 13  19  29  43  65  97  145  217  325  487
