
  5 7 11 17 13 19 25 29 37 43 55 41 31 23 35 47 53 61 65 49 71 73 79 59 83 89 67 91 97 

  101 107 109 119 125 133 137 103 77 115 145 
  151 113 85 127 95 143 155 161 121 163 169 173 179 181 187 191 199 149 

  205 215 217 223 167 227 233 175 131 197 241 245 
  251 253 259 263 269 271 203 281 211 287 

cycle                      tech      reqs      unlocks     
5 7 5                      5                   11      
7 11 17 13 5               11        5         19     
13 19 7                    19        11        25          29
17 25 19                   25        19        37    
19 29 11                   29        19        43 (37)     137 (91)
25 37 7                    37        25        55          43 (29)  
29 43 65 49 37             43        29  37    73 (55)     115 (137)
37 55 41 31 23 17          55        37        35          61         83           73 (49)         
23 35 13                   35        55        47          53        
31 47 35                   47        35        71 (53)     125 (83)         
35 53 5                    53        35        79 59       71 (47) 
41 61 23                   61        55        91  
47 71 53                   71        47  53    107         151 (101)
49 73 55                   73        43  55    97          109         
53 79 59 11                79        53        89  
55 83 31                   83        55        125 (47)  
59 89 67 25                89        79        101         119        133
61 91 17                   91        61        137 (29)    161 (107) 
65 97 73                   97        73        145 (109)  
67 101 19                  101       89        151 (71)  
71 107 5                   107       71        143 (151)   161 (91)
73 109 41                  109       73        145 (97)  
79 119 89                  119       89  
83 125 47                  125       47  83  
89 133 25                  133       89  
91 137 103 77 29           137       29  91    155         115 (43)
77 115 43                  115       43  137   173
97 145 109                 145       97  109  
101 151 113 85 127 95 71   151       71  101   169         143 (107)  
95 143 107                 143       151 107  
103 155 29                 155       137  
107 161 121 91             161       107 91
109 163 61                 163       109 61
113 169 127                169       151
115 173 65                 173       115