5 -> 1
	7
		5 *
		11 -> 1
			17
				25
					37
						55
							41
								61
									91
										17 *
										137
											205
											103
									23
										17 *
										35
											13 *
											53
								31
									23 *
									47
										35 *
										71
											53 *
											107
							83
								31 *
								125
									187
										35 *
										281
											421
											211
									47 *
						7 *
					19
						7 *
						29
							43 -> 1
								65
									97
										145
											217
											109
										73
											109 *
											55 *
									49
										73 *
										37 *
							11 *
				13 
					19 *
					5 *
