5:     5   1

7:     5   7   5

11:    5   7  11   1

17:    5   7  11  17

13:    5   7  11  17  13
      13   5   7  11  17

19:    5   7  11  17  13  19   
      19   7   5
      19   7  11  17  13
      13  19   7

25:    5   7  11  17  25  
      13  19   7  11  17  25  
      25  19   7   5
      25  19   7  11  17  13

29:    5   7  11  17  13  19  29  
      25  19  29  
      29  11  17  13   5   7
      29  11  17  25  19

37:        5   7  11  17  25  37   7   5
      13  19  29  11  17  25  37   7  11  17  13  19  29

43:    5   7  11  17  13  19  29  43   1

55:    5   7  11  17  25  37  55

41:    5   7  11  17  25  37  55  41

31:    5   7  11  17  25  37  55  41  31

23:        5   7  11  17  25  37  55  41  31  23  17  13   5   7  11  
      13  19  29  11  17  25  37  55  41  31  23  17  13  19  29  43
                                              23  17  25  37  55  41  31

35:        5   7  11  17  25  37  55  41  31  23  35  13   5   7  11  17  25  37  55  41  31  23
      13  19  29  11  17  25  37  55  41  31  23  35  13  19  29  43

47:        5   7  11  17  25  37  55  41  31  47  35  13   5   7  11  17  25  37  55  41  31  23
      13  19  29  11  17  25  37  55  41  31  47  35  13  19  29  43

53:        5   7  11  17  25  37  55  41  31  23  35  53   5   7  11  17  25  37  55  41  31  23
      13  19  29  11  17  25  37  55  41  31  23  35  53   5   7  11  17  13  19  29  43

61:    5   7  11  17  25  37  55  41  61  23  17  13   5

65:    5   7  11  17  25  19  29  43  65

49:    5   7  11  17  25  19  29  43  65  49  37  55  41  31  23  17
       5   7  11  17  13  19  29  43  65  49  37   7  11  17

71:    5   7  11  17  25  37  55  41  31  47  71  53   5

73:    5   7  11  17  13  19  29  43  65  49  73  55

79:    5   7  11  17  25  37  55  41  61  23  35  53  79  

59:    5   7  11  17  25  37  55  41  31  47  71  53  79  59  11

83:    5   7  11  17  25  37  55  83  31  23  17  13  

89:   59  89  

67:   59  89  67  25

91:   41  61  91  17

97:   65  97  
      49  73  55

79:   23  35  53  79
      17  13   5 

59:   23  35  53  79
      17  13   5 |59

83:   49  73 
      37  55  83

89:   23  35  53  79
      17  13   5 |59  89

67:   23  35  53  79  59  89  67  25

91:   41  61  91  17

97:   65  97
      49  73

101:  67  101
      25   19

107:  41  
      31  47  71  107
      23  35  53 -  5

109:  49  73  109
      37  55 - 41

119:  23  35  53  79  119
                  59   89

125:  37  55  83  125
       7 |41 -31 - 47

133:  23  35  53  79  119
                  59   89  133    

137:  41  61  91  137
      31 -23 -17 |

103:  41  61  91  137
      31 -23 -17 |103

77:   41  61  91  137
      31  23 -17 |103
      23 -17 -13 | 77
          13 +19   29  43  65

115:  91  137
          103
           77  115

145:  13  19  29  43  65  97  145

151:  23  35  53  79  
                  59  89
                      67  101  151
                      25 - 19 |

113:  67  101  151
      25 - 19 |113

85:   67  101  151
      25 - 19 |113 
              | 85
                 1

127:  67  101  151
      25 - 19 |113 
              | 85  127

95:   67  101  151
      25 - 19 |113 
              | 85  127
                     95
           31   47   71

143:  85  127
           95  143
      47   71  107

155:  91  137
          103  155
           77 - 29

161:  31  47  71  107  161

121:  31  47  71  107  121
                    5 | 91  

163:  49  73  109  163
      37  55 - 41 + 61

169:  23  35  53  79  119 
                  59   89  133
                       67  101  151
                                113  169
                                 85  127

173:  41  61  91  137  
                  103  
                   77  115  173 
                   29   43   65

179:  23  35  53  79  119  179
                  59   89 - 67

181:  31  47  71  107  161
                       121  181
                        91 - 17

187:   5   7  11  17  25  37  55  83  125  187
                              41 -31 + 47 - 35

191: 113  169
      85  127  191
           95  143

199:  23  35  53  79  119  
                  59   89  133  199
                       67  101 |

149:  59  89  133  199
          67  101 |149
                     7

  205 215 217 223 167 227 233 175 131 197 241 245 
  251 253 259 263 269 271 203 281 211 287 